range
10000
2000000
10000	20000	30000	40000	50000	60000	70000	80000	90000	100000	110000	120000	130000	140000	150000	160000	170000	180000	190000	200000	210000	220000	230000	240000	250000	260000	270000	280000	290000	300000	310000	320000	330000	340000	350000	360000	370000	380000	390000	400000	410000	420000	430000	440000	450000	460000	470000	480000	490000	500000	510000	520000	530000	540000	550000	560000	570000	580000	590000	600000	610000	620000	630000	640000	650000	660000	670000	680000	690000	700000	710000	720000	730000	740000	750000	760000	770000	780000	790000	800000	810000	820000	830000	840000	850000	860000	870000	880000	890000	900000	910000	920000	930000	940000	950000	960000	970000	980000	990000	1000000	1010000	1020000	1030000	1040000	1050000	1060000	1070000	1080000	1090000	1100000	1110000	1120000	1130000	1140000	1150000	1160000	1170000	1180000	1190000	1200000	1210000	1220000	1230000	1240000	1250000	1260000	1270000	1280000	1290000	1300000	1310000	1320000	1330000	1340000	1350000	1360000	1370000	1380000	1390000	1400000	1410000	1420000	1430000	1440000	1450000	1460000	1470000	1480000	1490000	1500000	1510000	1520000	1530000	1540000	1550000	1560000	1570000	1580000	1590000	1600000	1610000	1620000	1630000	1640000	1650000	1660000	1670000	1680000	1690000	1700000	1710000	1720000	1730000	1740000	1750000	1760000	1770000	1780000	1790000	1800000	1810000	1820000	1830000	1840000	1850000	1860000	1870000	1880000	1890000	1900000	1910000	1920000	1930000	1940000	1950000	1960000	1970000	1980000	1990000	2000000	------------------
Total Memory: 62,914,560
 Free Memory: 60,817,408
 Max Memory: 1,006,632,960
 name                           | 	 shuffle  | 	 elements     | 	 duration_ms  | 	 p_duration_s | 	 p_duration_ns | 	 memory     
  ------------------------------ | 	 -------- | 	 ------------ | 	 ------------ | 	 ------------ | 	 ------------ | 	 ----------|
 selection                      | 	 / 1      | 	 10,000       | 	 149          | 	 0            | 	 147,226,000  | 	 0          
 insertion                      | 	 / 1      | 	 10,000       | 	 123          | 	 0            | 	 123,561,000  | 	 0          
 bubble                         | 	 / 1      | 	 10,000       | 	 252          | 	 0            | 	 252,241,000  | 	 0          
 shell                          | 	 / 1      | 	 10,000       | 	 121          | 	 0            | 	 121,530,000  | 	 0          
 merge sort                     | 	 / 1      | 	 10,000       | 	 6            | 	 0            | 	 6,191,000    | 	 0          
 Arrays.sort                    | 	 / 1      | 	 10,000       | 	 12           | 	 0            | 	 12,118,000   | 	 0          
 Arrays.parallelSort            | 	 / 1      | 	 10,000       | 	 30           | 	 0            | 	 29,463,000   | 	 1,112,112  
 Linked Hashmap                 | 	 / 1      | 	 10,000       | 	 18           | 	 0            | 	 17,607,000   | 	 985,088    
 Stream + parallel + sort       | 	 / 1      | 	 10,000       | 	 36           | 	 0            | 	 36,634,000   | 	 0          
 selection                      | 	 / 1      | 	 20,000       | 	 364          | 	 0            | 	 363,945,000  | 	 0          
 insertion                      | 	 / 1      | 	 20,000       | 	 402          | 	 0            | 	 401,899,000  | 	 0          
 bubble                         | 	 / 1      | 	 20,000       | 	 1,096        | 	 1            | 	 96,090,000   | 	 0          
 shell                          | 	 / 1      | 	 20,000       | 	 448          | 	 0            | 	 447,231,000  | 	 0          
 merge sort                     | 	 / 1      | 	 20,000       | 	 9            | 	 0            | 	 9,042,000    | 	 80,024     
 Arrays.sort                    | 	 / 1      | 	 20,000       | 	 13           | 	 0            | 	 12,670,000   | 	 40,016     
 Arrays.parallelSort            | 	 / 1      | 	 20,000       | 	 15           | 	 0            | 	 15,473,000   | 	 524,288    
 Linked Hashmap                 | 	 / 1      | 	 20,000       | 	 18           | 	 0            | 	 17,904,000   | 	 1,574,912  
 Stream + parallel + sort       | 	 / 1      | 	 20,000       | 	 16           | 	 0            | 	 16,316,000   | 	 874,720    
 selection                      | 	 / 1      | 	 30,000       | 	 663          | 	 0            | 	 662,891,000  | 	 0          
 insertion                      | 	 / 1      | 	 30,000       | 	 1,820        | 	 1            | 	 820,235,000  | 	 0          
 bubble                         | 	 / 1      | 	 30,000       | 	 3,142        | 	 3            | 	 142,379,000  | 	 0          
 shell                          | 	 / 1      | 	 30,000       | 	 1,214        | 	 1            | 	 213,732,000  | 	 0          
 merge sort                     | 	 / 1      | 	 30,000       | 	 5            | 	 0            | 	 5,117,000    | 	 0          
 Arrays.sort                    | 	 / 1      | 	 30,000       | 	 12           | 	 0            | 	 12,500,000   | 	 60,016     
 Arrays.parallelSort            | 	 / 1      | 	 30,000       | 	 14           | 	 0            | 	 13,909,000   | 	 0          
 Linked Hashmap                 | 	 / 1      | 	 30,000       | 	 17           | 	 0            | 	 16,796,000   | 	 3,145,728  
 Stream + parallel + sort       | 	 / 1      | 	 30,000       | 	 48           | 	 0            | 	 47,542,000   | 	 881,616    
 selection                      | 	 / 1      | 	 40,000       | 	 1,520        | 	 1            | 	 520,703,000  | 	 0          
 insertion                      | 	 / 1      | 	 40,000       | 	 2,247        | 	 2            | 	 247,398,000  | 	 0          
 bubble                         | 	 / 1      | 	 40,000       | 	 6,535        | 	 6            | 	 534,638,000  | 	 0          
 shell                          | 	 / 1      | 	 40,000       | 	 1,793        | 	 1            | 	 793,214,000  | 	 0          
 merge sort                     | 	 / 1      | 	 40,000       | 	 8            | 	 0            | 	 8,010,000    | 	 160,024    
 Arrays.sort                    | 	 / 1      | 	 40,000       | 	 55           | 	 0            | 	 54,699,000   | 	 0          
 Arrays.parallelSort            | 	 / 1      | 	 40,000       | 	 34           | 	 0            | 	 33,525,000   | 	 684,304    
 Linked Hashmap                 | 	 / 1      | 	 40,000       | 	 22           | 	 0            | 	 22,009,000   | 	 -29,998,920 
 Stream + parallel + sort       | 	 / 1      | 	 40,000       | 	 34           | 	 0            | 	 34,081,000   | 	 1,924,448  
 selection                      | 	 / 1      | 	 50,000       | 	 2,346        | 	 2            | 	 345,980,000  | 	 0          
 insertion                      | 	 / 1      | 	 50,000       | 	 4,215        | 	 4            | 	 215,795,000  | 	 0          
 bubble                         | 	 / 1      | 	 50,000       | 	 9,404        | 	 9            | 	 404,801,000  | 	 0          
 shell                          | 	 / 1      | 	 50,000       | 	 4,561        | 	 4            | 	 561,720,000  | 	 0          
 merge sort                     | 	 / 1      | 	 50,000       | 	 10           | 	 0            | 	 10,287,000   | 	 200,024    
 Arrays.sort                    | 	 / 1      | 	 50,000       | 	 67           | 	 0            | 	 67,790,000   | 	 0          
 Arrays.parallelSort            | 	 / 1      | 	 50,000       | 	 60           | 	 0            | 	 60,452,000   | 	 0          
 Linked Hashmap                 | 	 / 1      | 	 50,000       | 	 16           | 	 0            | 	 15,565,000   | 	 5,242,880  
 Stream + parallel + sort       | 	 / 1      | 	 50,000       | 	 58           | 	 0            | 	 58,004,000   | 	 1,924,448  
 selection                      | 	 / 1      | 	 60,000       | 	 3,410        | 	 3            | 	 409,547,000  | 	 0          
 insertion                      | 	 / 1      | 	 60,000       | 	 4,918        | 	 4            | 	 918,549,000  | 	 0          
 bubble                         | 	 / 1      | 	 60,000       | 	 14,013       | 	 14           | 	 12,915,000   | 	 0          
 shell                          | 	 / 1      | 	 60,000       | 	 7,568        | 	 7            | 	 568,510,000  | 	 0          
 merge sort                     | 	 / 1      | 	 60,000       | 	 13           | 	 0            | 	 13,632,000   | 	 240,024    
 Arrays.sort                    | 	 / 1      | 	 60,000       | 	 80           | 	 0            | 	 79,817,000   | 	 0          
 Arrays.parallelSort            | 	 / 1      | 	 60,000       | 	 56           | 	 0            | 	 56,207,000   | 	 433,912    
 Linked Hashmap                 | 	 / 1      | 	 60,000       | 	 16           | 	 0            | 	 16,576,000   | 	 5,765,120  
 Stream + parallel + sort       | 	 / 1      | 	 60,000       | 	 49           | 	 0            | 	 49,119,000   | 	 2,376,704  
 selection                      | 	 / 1      | 	 70,000       | 	 4,612        | 	 4            | 	 612,061,000  | 	 0          
 insertion                      | 	 / 1      | 	 70,000       | 	 7,009        | 	 7            | 	 8,819,000    | 	 0          
 bubble                         | 	 / 1      | 	 70,000       | 	 19,887       | 	 19           | 	 887,311,000  | 	 0          
 shell                          | 	 / 1      | 	 70,000       | 	 8,571        | 	 8            | 	 571,066,000  | 	 0          
 merge sort                     | 	 / 1      | 	 70,000       | 	 16           | 	 0            | 	 15,912,000   | 	 0          
 Arrays.sort                    | 	 / 1      | 	 70,000       | 	 72           | 	 0            | 	 72,163,000   | 	 336,656    
 Arrays.parallelSort            | 	 / 1      | 	 70,000       | 	 50           | 	 0            | 	 49,621,000   | 	 522,240    
 Linked Hashmap                 | 	 / 1      | 	 70,000       | 	 26           | 	 0            | 	 26,269,000   | 	 6,817,792  
 Stream + parallel + sort       | 	 / 1      | 	 70,000       | 	 58           | 	 0            | 	 58,248,000   | 	 2,174,976  
 selection                      | 	 / 1      | 	 80,000       | 	 5,989        | 	 5            | 	 989,185,000  | 	 0          
 insertion                      | 	 / 1      | 	 80,000       | 	 9,355        | 	 9            | 	 355,644,000  | 	 0          
 bubble                         | 	 / 1      | 	 80,000       | 	 25,537       | 	 25           | 	 536,650,000  | 	 0          
 shell                          | 	 / 1      | 	 80,000       | 	 11,563       | 	 11           | 	 563,279,000  | 	 0          
 merge sort                     | 	 / 1      | 	 80,000       | 	 20           | 	 0            | 	 19,257,000   | 	 378,632    
 Arrays.sort                    | 	 / 1      | 	 80,000       | 	 88           | 	 0            | 	 88,504,000   | 	 0          
 Arrays.parallelSort            | 	 / 1      | 	 80,000       | 	 42           | 	 0            | 	 42,182,000   | 	 164,992    
 Linked Hashmap                 | 	 / 1      | 	 80,000       | 	 17           | 	 0            | 	 17,030,000   | 	 7,342,080  
 Stream + parallel + sort       | 	 / 1      | 	 80,000       | 	 41           | 	 0            | 	 40,466,000   | 	 3,100,960  
 selection                      | 	 / 1      | 	 90,000       | 	 7,791        | 	 7            | 	 790,648,000  | 	 0          
 insertion                      | 	 / 1      | 	 90,000       | 	 17,122       | 	 17           | 	 122,291,000  | 	 0          
 bubble                         | 	 / 1      | 	 90,000       | 	 29,436       | 	 29           | 	 436,721,000  | 	 0          
 shell                          | 	 / 1      | 	 90,000       | 	 12,294       | 	 12           | 	 293,585,000  | 	 29,856     
 merge sort                     | 	 / 1      | 	 90,000       | 	 21           | 	 0            | 	 21,466,000   | 	 657,960    
 Arrays.sort                    | 	 / 1      | 	 90,000       | 	 106          | 	 0            | 	 106,500,000  | 	 311,104    
 Arrays.parallelSort            | 	 / 1      | 	 90,000       | 	 59           | 	 0            | 	 58,874,000   | 	 -15,499,864 
 Linked Hashmap                 | 	 / 1      | 	 90,000       | 	 15           | 	 0            | 	 15,492,000   | 	 8,017,536  
 Stream + parallel + sort       | 	 / 1      | 	 90,000       | 	 45           | 	 0            | 	 44,900,000   | 	 -6,860,976 
 selection                      | 	 / 1      | 	 100,000      | 	 8,922        | 	 8            | 	 921,953,000  | 	 0          
 insertion                      | 	 / 1      | 	 100,000      | 	 19,900       | 	 19           | 	 900,485,000  | 	 0          
 bubble                         | 	 / 1      | 	 100,000      | 	 40,206       | 	 40           | 	 206,333,000  | 	 -14,680,064 
 shell                          | 	 / 1      | 	 100,000      | 	 19,759       | 	 19           | 	 759,090,000  | 	 61,360     
 merge sort                     | 	 / 1      | 	 100,000      | 	 24           | 	 0            | 	 23,907,000   | 	 440,152    
 Arrays.sort                    | 	 / 1      | 	 100,000      | 	 118          | 	 0            | 	 117,994,000  | 	 429,440    
 Arrays.parallelSort            | 	 / 1      | 	 100,000      | 	 18           | 	 0            | 	 17,996,000   | 	 1,181,576  
 Linked Hashmap                 | 	 / 1      | 	 100,000      | 	 17           | 	 0            | 	 16,980,000   | 	 10,875,448 
 Stream + parallel + sort       | 	 / 1      | 	 100,000      | 	 20           | 	 0            | 	 20,015,000   | 	 4,016,152  
 selection                      | 	 / 1      | 	 110,000      | 	 9,408        | 	 9            | 	 408,376,000  | 	 0          
 insertion                      | 	 / 1      | 	 110,000      | 	 19,248       | 	 19           | 	 248,109,000  | 	 0          
 bubble                         | 	 / 1      | 	 110,000      | 	 46,299       | 	 46           | 	 299,260,000  | 	 0          
 shell                          | 	 / 1      | 	 110,000      | 	 21,279       | 	 21           | 	 278,792,000  | 	 0          
 merge sort                     | 	 / 1      | 	 110,000      | 	 24           | 	 0            | 	 24,363,000   | 	 440,024    
 Arrays.sort                    | 	 / 1      | 	 110,000      | 	 28           | 	 0            | 	 27,404,000   | 	 505,184    
 Arrays.parallelSort            | 	 / 1      | 	 110,000      | 	 18           | 	 0            | 	 18,121,000   | 	 736,800    
 Linked Hashmap                 | 	 / 1      | 	 110,000      | 	 34           | 	 0            | 	 34,138,000   | 	 -3,445,336 
 Stream + parallel + sort       | 	 / 1      | 	 110,000      | 	 62           | 	 0            | 	 62,079,000   | 	 -12,683,264 
 selection                      | 	 / 1      | 	 120,000      | 	 12,559       | 	 12           | 	 559,189,000  | 	 0          
 insertion                      | 	 / 1      | 	 120,000      | 	 24,763       | 	 24           | 	 763,682,000  | 	 0          
 bubble                         | 	 / 1      | 	 120,000      | 	 55,101       | 	 55           | 	 100,685,000  | 	 0          
 shell                          | 	 / 1      | 	 120,000      | 	 21,975       | 	 21           | 	 974,985,000  | 	 0          
 merge sort                     | 	 / 1      | 	 120,000      | 	 31           | 	 0            | 	 31,221,000   | 	 480,024    
 Arrays.sort                    | 	 / 1      | 	 120,000      | 	 32           | 	 0            | 	 31,516,000   | 	 517,056    
 Arrays.parallelSort            | 	 / 1      | 	 120,000      | 	 19           | 	 0            | 	 18,874,000   | 	 712,904    
 Linked Hashmap                 | 	 / 1      | 	 120,000      | 	 42           | 	 0            | 	 42,260,000   | 	 -10,989,472 
 Stream + parallel + sort       | 	 / 1      | 	 120,000      | 	 27           | 	 0            | 	 27,548,000   | 	 4,676,880  
 selection                      | 	 / 1      | 	 130,000      | 	 14,251       | 	 14           | 	 250,940,000  | 	 0          
 insertion                      | 	 / 1      | 	 130,000      | 	 26,031       | 	 26           | 	 30,885,000   | 	 -10,485,760 
 bubble                         | 	 / 1      | 	 130,000      | 	 66,412       | 	 66           | 	 412,327,000  | 	 0          
 shell                          | 	 / 1      | 	 130,000      | 	 25,898       | 	 25           | 	 898,102,000  | 	 0          
 merge sort                     | 	 / 1      | 	 130,000      | 	 30           | 	 0            | 	 29,900,000   | 	 1,132,296  
 Arrays.sort                    | 	 / 1      | 	 130,000      | 	 37           | 	 0            | 	 37,103,000   | 	 438,016    
 Arrays.parallelSort            | 	 / 1      | 	 130,000      | 	 22           | 	 0            | 	 21,445,000   | 	 875,760    
 Linked Hashmap                 | 	 / 1      | 	 130,000      | 	 34           | 	 0            | 	 33,788,000   | 	 9,853,024  
 Stream + parallel + sort       | 	 / 1      | 	 130,000      | 	 26           | 	 0            | 	 25,383,000   | 	 5,569,896  
 selection                      | 	 / 1      | 	 140,000      | 	 15,195       | 	 15           | 	 194,281,000  | 	 0          
 insertion                      | 	 / 1      | 	 140,000      | 	 86,581       | 	 86           | 	 580,790,000  | 	 0          
 bubble                         | 	 / 1      | 	 140,000      | 	 125,118      | 	 125          | 	 118,148,000  | 	 0          
 shell                          | 	 / 1      | 	 140,000      | 	 85,462       | 	 85           | 	 461,747,000  | 	 0          
 merge sort                     | 	 / 1      | 	 140,000      | 	 55           | 	 0            | 	 54,149,000   | 	 -15,728,640 
 Arrays.sort                    | 	 / 1      | 	 140,000      | 	 63           | 	 0            | 	 62,493,000   | 	 788,000    
 Arrays.parallelSort            | 	 / 1      | 	 140,000      | 	 27           | 	 0            | 	 26,742,000   | 	 -7,880,128 
 Linked Hashmap                 | 	 / 1      | 	 140,000      | 	 64           | 	 0            | 	 64,270,000   | 	 5,245,784  
 Stream + parallel + sort       | 	 / 1      | 	 140,000      | 	 54           | 	 0            | 	 53,126,000   | 	 -3,379,936 
 selection                      | 	 / 1      | 	 150,000      | 	 17,215       | 	 17           | 	 215,676,000  | 	 0          
 insertion                      | 	 / 1      | 	 150,000      | 	 133,500      | 	 133          | 	 499,822,000  | 	 0          
 bubble                         | 	 / 1      | 	 150,000      | 	 141,150      | 	 141          | 	 149,796,000  | 	 0          
 shell                          | 	 / 1      | 	 150,000      | 	 107,073      | 	 107          | 	 72,639,000   | 	 -7,774,720 
 merge sort                     | 	 / 1      | 	 150,000      | 	 53           | 	 0            | 	 53,361,000   | 	 1,048,576  
 Arrays.sort                    | 	 / 1      | 	 150,000      | 	 46           | 	 0            | 	 46,410,000   | 	 807,472    
 Arrays.parallelSort            | 	 / 1      | 	 150,000      | 	 31           | 	 0            | 	 30,437,000   | 	 -13,266,184 
 Linked Hashmap                 | 	 / 1      | 	 150,000      | 	 45           | 	 0            | 	 44,849,000   | 	 8,060,456  
 Stream + parallel + sort       | 	 / 1      | 	 150,000      | 	 41           | 	 0            | 	 40,149,000   | 	 -5,515,808 
 selection                      | 	 / 1      | 	 160,000      | 	 19,806       | 	 19           | 	 805,847,000  | 	 0          
 insertion                      | 	 / 1      | 	 160,000      | 	 151,442      | 	 151          | 	 441,687,000  | 	 0          
 bubble                         | 	 / 1      | 	 160,000      | 	 163,172      | 	 163          | 	 171,569,000  | 	 0          
 shell                          | 	 / 1      | 	 160,000      | 	 110,795      | 	 110          | 	 795,302,000  | 	 -7,340,032 
 merge sort                     | 	 / 1      | 	 160,000      | 	 55           | 	 0            | 	 55,203,000   | 	 1,048,576  
 Arrays.sort                    | 	 / 1      | 	 160,000      | 	 49           | 	 0            | 	 48,701,000   | 	 939,056    
 Arrays.parallelSort            | 	 / 1      | 	 160,000      | 	 37           | 	 0            | 	 36,818,000   | 	 -11,255,264 
 Linked Hashmap                 | 	 / 1      | 	 160,000      | 	 67           | 	 0            | 	 67,108,000   | 	 4,179,408  
 Stream + parallel + sort       | 	 / 1      | 	 160,000      | 	 41           | 	 0            | 	 41,214,000   | 	 -3,911,808 
 selection                      | 	 / 1      | 	 170,000      | 	 22,028       | 	 22           | 	 28,345,000   | 	 0          
 insertion                      | 	 / 1      | 	 170,000      | 	 127,965      | 	 127          | 	 964,790,000  | 	 0          
 bubble                         | 	 / 1      | 	 170,000      | 	 178,081      | 	 178          | 	 80,760,000   | 	 0          
 shell                          | 	 / 1      | 	 170,000      | 	 130,427      | 	 130          | 	 426,982,000  | 	 -16,777,216 
 merge sort                     | 	 / 1      | 	 170,000      | 	 73           | 	 0            | 	 73,034,000   | 	 -7,234,264 
 Arrays.sort                    | 	 / 1      | 	 170,000      | 	 70           | 	 0            | 	 70,386,000   | 	 836,032    
 Arrays.parallelSort            | 	 / 1      | 	 170,000      | 	 49           | 	 0            | 	 49,524,000   | 	 -5,359,120 
 Linked Hashmap                 | 	 / 1      | 	 170,000      | 	 71           | 	 0            | 	 70,936,000   | 	 7,331,312  
 Stream + parallel + sort       | 	 / 1      | 	 170,000      | 	 112          | 	 0            | 	 112,466,000  | 	 -8,524,512 
 selection                      | 	 / 1      | 	 180,000      | 	 27,299       | 	 27           | 	 298,942,000  | 	 0          
 insertion                      | 	 / 1      | 	 180,000      | 	 141,072      | 	 141          | 	 72,505,000   | 	 0          
 bubble                         | 	 / 1      | 	 180,000      | 	 244,961      | 	 244          | 	 960,846,000  | 	 0          
 shell                          | 	 / 1      | 	 180,000      | 	 145,033      | 	 145          | 	 33,669,000   | 	 0          
 merge sort                     | 	 / 1      | 	 180,000      | 	 87           | 	 0            | 	 87,322,000   | 	 -14,412,336 
 Arrays.sort                    | 	 / 1      | 	 180,000      | 	 57           | 	 0            | 	 56,340,000   | 	 909,784    
 Arrays.parallelSort            | 	 / 1      | 	 180,000      | 	 29           | 	 0            | 	 28,953,000   | 	 -4,822,248 
 Linked Hashmap                 | 	 / 1      | 	 180,000      | 	 105          | 	 0            | 	 104,166,000  | 	 -1,303,560 
 Stream + parallel + sort       | 	 / 1      | 	 180,000      | 	 81           | 	 0            | 	 81,013,000   | 	 -11,236,680 
 selection                      | 	 / 1      | 	 190,000      | 	 31,587       | 	 31           | 	 586,572,000  | 	 0          
 insertion                      | 	 / 1      | 	 190,000      | 	 161,810      | 	 161          | 	 810,186,000  | 	 0          
 bubble                         | 	 / 1      | 	 190,000      | 	 268,811      | 	 268          | 	 810,891,000  | 	 0          
 shell                          | 	 / 1      | 	 190,000      | 	 155,655      | 	 155          | 	 655,406,000  | 	 0          
 merge sort                     | 	 / 1      | 	 190,000      | 	 70           | 	 0            | 	 70,329,000   | 	 -12,582,912 
 Arrays.sort                    | 	 / 1      | 	 190,000      | 	 58           | 	 0            | 	 57,988,000   | 	 773,264    
 Arrays.parallelSort            | 	 / 1      | 	 190,000      | 	 29           | 	 0            | 	 28,546,000   | 	 557,072    
 Linked Hashmap                 | 	 / 1      | 	 190,000      | 	 33           | 	 0            | 	 32,801,000   | 	 17,303,552 
 Stream + parallel + sort       | 	 / 1      | 	 190,000      | 	 49           | 	 0            | 	 49,261,000   | 	 6,806,624  
 selection                      | 	 / 1      | 	 200,000      | 	 35,953       | 	 35           | 	 952,580,000  | 	 0          
 insertion                      | 	 / 1      | 	 200,000      | 	 178,115      | 	 178          | 	 115,004,000  | 	 0          
 bubble                         | 	 / 1      | 	 200,000      | 	 255,227      | 	 255          | 	 226,844,000  | 	 0          
 shell                          | 	 / 1      | 	 200,000      | 	 178,716      | 	 178          | 	 715,584,000  | 	 0          
 merge sort                     | 	 / 1      | 	 200,000      | 	 92           | 	 0            | 	 92,078,000   | 	 1,048,576  
 Arrays.sort                    | 	 / 1      | 	 200,000      | 	 105          | 	 0            | 	 104,784,000  | 	 793,264    
 Arrays.parallelSort            | 	 / 1      | 	 200,000      | 	 39           | 	 0            | 	 38,407,000   | 	 -63,408,112 
 Linked Hashmap                 | 	 / 1      | 	 200,000      | 	 43           | 	 0            | 	 43,558,000   | 	 21,497,856 
 Stream + parallel + sort       | 	 / 1      | 	 200,000      | 	 102          | 	 0            | 	 101,532,000  | 	 -111,736   
 selection                      | 	 / 1      | 	 210,000      | 	 40,558       | 	 40           | 	 557,554,000  | 	 0          
 insertion                      | 	 / 1      | 	 210,000      | 	 193,853      | 	 193          | 	 853,258,000  | 	 0          
 bubble                         | 	 / 1      | 	 210,000      | 	 276,387      | 	 276          | 	 387,079,000  | 	 0          
 shell                          | 	 / 1      | 	 210,000      | 	 190,993      | 	 190          | 	 992,593,000  | 	 0          
 merge sort                     | 	 / 1      | 	 210,000      | 	 74           | 	 0            | 	 74,610,000   | 	 1,048,576  
 Arrays.sort                    | 	 / 1      | 	 210,000      | 	 87           | 	 0            | 	 87,092,000   | 	 936,208    
 Arrays.parallelSort            | 	 / 1      | 	 210,000      | 	 40           | 	 0            | 	 40,271,000   | 	 -39,290,864 
 Linked Hashmap                 | 	 / 1      | 	 210,000      | 	 43           | 	 0            | 	 43,618,000   | 	 22,020,096 
 Stream + parallel + sort       | 	 / 1      | 	 210,000      | 	 102          | 	 0            | 	 101,142,000  | 	 -2,614,688 
 selection                      | 	 / 1      | 	 220,000      | 	 50,521       | 	 50           | 	 520,983,000  | 	 0          
 insertion                      | 	 / 1      | 	 220,000      | 	 217,646      | 	 217          | 	 646,520,000  | 	 0          
 bubble                         | 	 / 1      | 	 220,000      | 	 315,304      | 	 315          | 	 304,053,000  | 	 38,952     
 shell                          | 	 / 1      | 	 220,000      | 	 216,691      | 	 216          | 	 691,362,000  | 	 0          
 merge sort                     | 	 / 1      | 	 220,000      | 	 79           | 	 0            | 	 79,338,000   | 	 1,048,576  
 Arrays.sort                    | 	 / 1      | 	 220,000      | 	 75           | 	 0            | 	 74,562,000   | 	 -43,338,016 
 Arrays.parallelSort            | 	 / 1      | 	 220,000      | 	 36           | 	 0            | 	 35,838,000   | 	 1,903,336  
 Linked Hashmap                 | 	 / 1      | 	 220,000      | 	 104          | 	 0            | 	 104,196,000  | 	 13,524,992 
 Stream + parallel + sort       | 	 / 1      | 	 220,000      | 	 58           | 	 0            | 	 57,503,000   | 	 -27,072,128 
 selection                      | 	 / 1      | 	 230,000      | 	 54,747       | 	 54           | 	 747,456,000  | 	 0          
 insertion                      | 	 / 1      | 	 230,000      | 	 238,021      | 	 238          | 	 20,408,000   | 	 0          
 bubble                         | 	 / 1      | 	 230,000      | 	 346,919      | 	 346          | 	 919,385,000  | 	 0          
 shell                          | 	 / 1      | 	 230,000      | 	 233,504      | 	 233          | 	 503,987,000  | 	 0          
 merge sort                     | 	 / 1      | 	 230,000      | 	 89           | 	 0            | 	 88,888,000   | 	 -30,835,712 
 Arrays.sort                    | 	 / 1      | 	 230,000      | 	 88           | 	 0            | 	 87,692,000   | 	 722,176    
 Arrays.parallelSort            | 	 / 1      | 	 230,000      | 	 38           | 	 0            | 	 37,718,000   | 	 2,127,888  
 Linked Hashmap                 | 	 / 1      | 	 230,000      | 	 162          | 	 0            | 	 161,705,000  | 	 2,097,152  
 Stream + parallel + sort       | 	 / 1      | 	 230,000      | 	 91           | 	 0            | 	 91,133,000   | 	 -20,757,224 
 selection                      | 	 / 1      | 	 240,000      | 	 67,710       | 	 67           | 	 709,627,000  | 	 0          
 insertion                      | 	 / 1      | 	 240,000      | 	 259,028      | 	 259          | 	 27,653,000   | 	 0          
 bubble                         | 	 / 1      | 	 240,000      | 	 387,959      | 	 387          | 	 959,610,000  | 	 0          
 shell                          | 	 / 1      | 	 240,000      | 	 253,058      | 	 253          | 	 57,924,000   | 	 0          
 merge sort                     | 	 / 1      | 	 240,000      | 	 87           | 	 0            | 	 87,126,000   | 	 1,048,576  
 Arrays.sort                    | 	 / 1      | 	 240,000      | 	 117          | 	 0            | 	 116,669,000  | 	 1,002,256  
 Arrays.parallelSort            | 	 / 1      | 	 240,000      | 	 38           | 	 0            | 	 38,532,000   | 	 1,302,024  
 Linked Hashmap                 | 	 / 1      | 	 240,000      | 	 47           | 	 0            | 	 47,191,000   | 	 -3,145,728 
 Stream + parallel + sort       | 	 / 1      | 	 240,000      | 	 154          | 	 0            | 	 154,372,000  | 	 95,760     
 selection                      | 	 / 1      | 	 250,000      | 	 76,479       | 	 76           | 	 479,521,000  | 	 0          
 insertion                      | 	 / 1      | 	 250,000      | 	 283,079      | 	 283          | 	 78,355,000   | 	 0          
 bubble                         | 	 / 1      | 	 250,000      | 	 415,993      | 	 415          | 	 992,937,000  | 	 0          
 shell                          | 	 / 1      | 	 250,000      | 	 279,080      | 	 279          | 	 79,782,000   | 	 0          
 merge sort                     | 	 / 1      | 	 250,000      | 	 117          | 	 0            | 	 117,447,000  | 	 -39,681,384 
 Arrays.sort                    | 	 / 1      | 	 250,000      | 	 78           | 	 0            | 	 78,001,000   | 	 1,022,256  
 Arrays.parallelSort            | 	 / 1      | 	 250,000      | 	 86           | 	 0            | 	 86,569,000   | 	 2,097,152  
 Linked Hashmap                 | 	 / 1      | 	 250,000      | 	 190          | 	 0            | 	 190,195,000  | 	 6,649,192  
 Stream + parallel + sort       | 	 / 1      | 	 250,000      | 	 60           | 	 0            | 	 59,827,000   | 	 9,294,592  
 selection                      | 	 / 1      | 	 260,000      | 	 86,000       | 	 85           | 	 999,847,000  | 	 0          
 insertion                      | 	 / 1      | 	 260,000      | 	 312,252      | 	 312          | 	 251,624,000  | 	 0          
 bubble                         | 	 / 1      | 	 260,000      | 	 558,673      | 	 558          | 	 673,726,000  | 	 0          
 shell                          | 	 / 1      | 	 260,000      | 	 304,478      | 	 304          | 	 478,386,000  | 	 0          
 merge sort                     | 	 / 1      | 	 260,000      | 	 94           | 	 0            | 	 94,004,000   | 	 1,048,576  
 Arrays.sort                    | 	 / 1      | 	 260,000      | 	 161          | 	 0            | 	 161,016,000  | 	 -11,894,848 
 Arrays.parallelSort            | 	 / 1      | 	 260,000      | 	 49           | 	 0            | 	 49,646,000   | 	 -33,554,432 
 Linked Hashmap                 | 	 / 1      | 	 260,000      | 	 49           | 	 0            | 	 48,566,000   | 	 25,688,064 
 Stream + parallel + sort       | 	 / 1      | 	 260,000      | 	 121          | 	 0            | 	 120,772,000  | 	 -28,873,264 
 selection                      | 	 / 1      | 	 270,000      | 	 97,424       | 	 97           | 	 424,186,000  | 	 0          
 insertion                      | 	 / 1      | 	 270,000      | 	 347,186      | 	 347          | 	 186,174,000  | 	 0          
 bubble                         | 	 / 1      | 	 270,000      | 	 503,707      | 	 503          | 	 707,145,000  | 	 0          
 shell                          | 	 / 1      | 	 270,000      | 	 343,639      | 	 343          | 	 638,909,000  | 	 -35,651,584 
 merge sort                     | 	 / 1      | 	 270,000      | 	 98           | 	 0            | 	 98,178,000   | 	 2,097,152  
 Arrays.sort                    | 	 / 1      | 	 270,000      | 	 89           | 	 0            | 	 88,826,000   | 	 1,441,824  
 Arrays.parallelSort            | 	 / 1      | 	 270,000      | 	 44           | 	 0            | 	 44,433,000   | 	 2,350,664  
 Linked Hashmap                 | 	 / 1      | 	 270,000      | 	 54           | 	 0            | 	 54,058,000   | 	 -20,971,520 
 Stream + parallel + sort       | 	 / 1      | 	 270,000      | 	 108          | 	 0            | 	 108,743,000  | 	 6,051,472  
 selection                      | 	 / 1      | 	 280,000      | 	 106,646      | 	 106          | 	 646,820,000  | 	 0          
 insertion                      | 	 / 1      | 	 280,000      | 	 369,888      | 	 369          | 	 888,572,000  | 	 0          
 bubble                         | 	 / 1      | 	 280,000      | 	 545,360      | 	 545          | 	 360,125,000  | 	 0          
 shell                          | 	 / 1      | 	 280,000      | 	 362,181      | 	 362          | 	 181,062,000  | 	 0          
 merge sort                     | 	 / 1      | 	 280,000      | 	 106          | 	 0            | 	 106,059,000  | 	 -51,380,224 
 Arrays.sort                    | 	 / 1      | 	 280,000      | 	 104          | 	 0            | 	 103,748,000  | 	 2,359,312  
 Arrays.parallelSort            | 	 / 1      | 	 280,000      | 	 50           | 	 0            | 	 50,810,000   | 	 2,407,944  
 Linked Hashmap                 | 	 / 1      | 	 280,000      | 	 55           | 	 0            | 	 54,786,000   | 	 -14,153,728 
 Stream + parallel + sort       | 	 / 1      | 	 280,000      | 	 122          | 	 0            | 	 122,471,000  | 	 6,532,784  
 selection                      | 	 / 1      | 	 290,000      | 	 117,380      | 	 117          | 	 379,116,000  | 	 0          
 insertion                      | 	 / 1      | 	 290,000      | 	 401,095      | 	 401          | 	 94,975,000   | 	 0          
 bubble                         | 	 / 1      | 	 290,000      | 	 595,935      | 	 595          | 	 935,268,000  | 	 0          
 shell                          | 	 / 1      | 	 290,000      | 	 394,520      | 	 394          | 	 519,442,000  | 	 0          
 merge sort                     | 	 / 1      | 	 290,000      | 	 114          | 	 0            | 	 113,430,000  | 	 -55,574,528 
 Arrays.sort                    | 	 / 1      | 	 290,000      | 	 91           | 	 0            | 	 91,311,000   | 	 2,359,312  
 Arrays.parallelSort            | 	 / 1      | 	 290,000      | 	 53           | 	 0            | 	 52,152,000   | 	 2,302,888  
 Linked Hashmap                 | 	 / 1      | 	 290,000      | 	 57           | 	 0            | 	 56,895,000   | 	 -15,206,400 
 Stream + parallel + sort       | 	 / 1      | 	 290,000      | 	 124          | 	 0            | 	 123,917,000  | 	 -26,954,088 
 selection                      | 	 / 1      | 	 300,000      | 	 128,929      | 	 128          | 	 929,248,000  | 	 0          
 insertion                      | 	 / 1      | 	 300,000      | 	 434,731      | 	 434          | 	 730,623,000  | 	 0          
 bubble                         | 	 / 1      | 	 300,000      | 	 660,724      | 	 660          | 	 723,543,000  | 	 0          
 shell                          | 	 / 1      | 	 300,000      | 	 439,633      | 	 439          | 	 632,730,000  | 	 -45,088,768 
 merge sort                     | 	 / 1      | 	 300,000      | 	 112          | 	 0            | 	 112,842,000  | 	 2,097,152  
 Arrays.sort                    | 	 / 1      | 	 300,000      | 	 95           | 	 0            | 	 95,778,000   | 	 2,359,312  
 Arrays.parallelSort            | 	 / 1      | 	 300,000      | 	 109          | 	 0            | 	 109,519,000  | 	 -46,164,976 
 Linked Hashmap                 | 	 / 1      | 	 300,000      | 	 117          | 	 0            | 	 116,625,000  | 	 20,770,760 
 Stream + parallel + sort       | 	 / 1      | 	 300,000      | 	 88           | 	 0            | 	 87,859,000   | 	 -27,696,592 
 selection                      | 	 / 1      | 	 310,000      | 	 140,650      | 	 140          | 	 649,623,000  | 	 0          
 insertion                      | 	 / 1      | 	 310,000      | 	 475,163      | 	 475          | 	 163,151,000  | 	 0          
 bubble                         | 	 / 1      | 	 310,000      | 	 729,011      | 	 729          | 	 10,779,000   | 	 -36,700,160 
 shell                          | 	 / 1      | 	 310,000      | 	 476,519      | 	 476          | 	 518,950,000  | 	 0          
 merge sort                     | 	 / 1      | 	 310,000      | 	 115          | 	 0            | 	 114,343,000  | 	 2,097,152  
 Arrays.sort                    | 	 / 1      | 	 310,000      | 	 136          | 	 0            | 	 135,812,000  | 	 -42,006,328 
 Arrays.parallelSort            | 	 / 1      | 	 310,000      | 	 55           | 	 0            | 	 55,539,000   | 	 3,145,728  
 Linked Hashmap                 | 	 / 1      | 	 310,000      | 	 190          | 	 0            | 	 189,195,000  | 	 18,411,320 
 Stream + parallel + sort       | 	 / 1      | 	 310,000      | 	 113          | 	 0            | 	 112,594,000  | 	 -21,570,624 
 selection                      | 	 / 1      | 	 320,000      | 	 169,112      | 	 169          | 	 111,375,000  | 	 0          
 insertion                      | 	 / 1      | 	 320,000      | 	 676,445      | 	 676          | 	 445,046,000  | 	 0          
 bubble                         | 	 / 1      | 	 320,000      | 	 757,222      | 	 757          | 	 221,810,000  | 	 0          
 shell                          | 	 / 1      | 	 320,000      | 	 503,618      | 	 503          | 	 618,539,000  | 	 13,896     
 merge sort                     | 	 / 1      | 	 320,000      | 	 156          | 	 0            | 	 156,086,000  | 	 -44,080,640 
 Arrays.sort                    | 	 / 1      | 	 320,000      | 	 102          | 	 0            | 	 102,091,000  | 	 2,490,400  
 Arrays.parallelSort            | 	 / 1      | 	 320,000      | 	 57           | 	 0            | 	 56,276,000   | 	 3,176,464  
 Linked Hashmap                 | 	 / 1      | 	 320,000      | 	 84           | 	 0            | 	 84,756,000   | 	 -10,580,992 
 Stream + parallel + sort       | 	 / 1      | 	 320,000      | 	 138          | 	 0            | 	 137,569,000  | 	 4,050,920  
 selection                      | 	 / 1      | 	 330,000      | 	 165,257      | 	 165          | 	 257,685,000  | 	 0          
 insertion                      | 	 / 1      | 	 330,000      | 	 544,044      | 	 544          | 	 43,821,000   | 	 0          
 bubble                         | 	 / 1      | 	 330,000      | 	 866,040      | 	 866          | 	 39,617,000   | 	 0          
